5002	4051
5003	10465
5004	10604
5004	12485
5006	1860
5006	11868
5007	2722
5007	6871
5008	62
5009	579
5013	4537
5014	8186
5015	545
5015	1710
5018	1861
5020	357
5020	12316
5021	1941
5021	12364
5022	2983
5022	10317
5024	781
5025	11509
5026	752
5027	852
5027	5442
5029	138
5032	1830
5033	1698
5036	2360
5037	5393
5037	12412
5040	2606
5041	1413
5044	2232
5046	9198
5047	3438
5049	12050
5051	12381
5052	737
5052	837
5055	2590
5055	2636
5056	105
5059	11848
5061	124
5066	6852
5067	1124
5067	3773
5068	2168
5068	12026
5071	1240
5071	4720
5072	2889
5077	5213
5078	373
5079	5594
5080	21
5082	1788
5082	10885
5083	2160
5084	2953
5084	11504
5085	1848
5085	2371
5087	152
5089	1418
5089	4200
5089	12247
5090	7006
5090	12135
5090	12332
5091	1828
5092	12374
5095	12187
5096	263
5096	12190
5097	10081
5099	643
5099	2142
5099	10402
5100	1234
5101	6300
5102	3382
5103	11685
5104	1644
5104	12206
5106	2024
5106	11123
5107	8125
5108	248
5109	8308
5109	10300
5110	1211
5110	4427
5111	12098
5112	965
5118	4362
5118	4403
5125	12488
5126	6563
5127	365
5128	3766
5128	5662
5130	2342
5130	10838
5131	7291
5131	7645
5140	3993
5142	572
5142	6073
5143	2082
5143	11460
5144	5821
5148	12477
5151	2086
5152	11603
5154	9706
5156	193
5156	1686
5157	1214
5157	11113
5158	12208
5159	1397
5160	565
5160	10961
5162	734
5163	151
5163	4410
5166	11689
5167	1722
5170	6664
5171	12012
5172	5841
5174	959
5180	80
5183	86
5185	3547
5186	1733
5187	611
5189	420
5190	11042
5190	12455
5191	1121
5191	4162
5193	85
5201	8192
5202	5384
5205	1101
5205	1474
5206	5092
5206	11226
5208	194
5208	1245
5209	5059
5210	1122
5210	2037
5210	5126
5212	12200
5213	1551
5215	5281
5218	6034
5219	1674
5221	805
5223	629
5225	408
5226	11613
5227	43
5228	352
5228	7369
5231	12181
5231	12285
5232	2735
5232	9586
5237	423
5237	554
5237	3589
5237	5294
5238	2225
5238	3008
5238	5675
5238	10717
5238	12079
5239	881
5239	12359
5240	4297
5241	169
5241	331
5241	340
5242	3088
5243	2963
5243	11501
5243	12424
5244	628
5244	2668
5244	12371
5245	9349
5246	10723
5246	10864
5249	342
5249	3601
5249	12246
5250	11133
5251	12122
5253	1856
5253	8728
5253	12236
5253	12270
5255	621
5256	617
5256	744
5257	977
5258	4557
5259	1541
5259	3987
5259	4190
5261	2072
5261	2840
5262	1493
5262	11130
5262	12156
5264	1042
5264	7709
5266	295
5266	5367
5267	12463
5269	7312
5271	12431
5274	5706
5278	4299
5279	5850
5281	12145
5283	508
5283	5379
5286	2869
5290	638
5290	10020
5294	11985
5296	1338
5296	2103
5297	153
5297	2162
5298	6654
5298	7822
5301	4513
5301	7331
5304	901
5305	269
5307	11684
5309	444
5309	11499
5314	2916
5316	218
5316	12394
5321	3063
5321	3307
5322	363
5323	48
5324	1432
5326	2216
5326	12275
5328	7633
5329	4965
5329	10057
5329	12460
5330	5135
5330	11772
5331	2635
5331	3709
5331	5301
5331	12307
5332	1005
5333	12197
5335	8836
5335	12432
5336	4752
5336	10284
5337	2063
5342	453
5345	2057
5346	6557
5346	9076
5346	12053
5347	11040
5349	210
5350	1177
5350	4703
5350	5682
5351	496
5352	1906
5353	11803
5354	11714
5355	1086
5357	11419
5358	986
5358	11691
5360	10559
5364	4345
5366	1010
5366	1258
5366	2149
5366	11676
5367	4367
5367	11450
5371	71
5371	1011
5372	1016
5372	3136
5376	3834
5378	463
5380	5002
5383	11591
5385	786
5387	5587
5388	5938
5390	375
5397	3186
5397	3516
5398	702
5398	1294
5398	1471
5401	4366
5402	12385
5403	3147
5403	11503
5405	1293
5406	355
5406	5341
5409	12069
5412	8280
5413	1291
5413	11306
5414	4533
5415	1489
5415	10084
5416	10286
5417	376
5418	11036
5419	219
5419	2527
5423	12418
5425	3864
5426	12380
5427	11818
5427	12295
5428	262
5428	2545
5428	8471
5428	12237
5429	645
5433	1189
5434	1128
5434	4688
5435	12330
5436	12409
5441	682
5441	11870
5444	137
5445	1581
5450	8035
5450	11866
5451	1926
5452	12415
5453	1639
5458	4495
5459	3262
5461	4823
5462	11880
5463	2554
5465	6787
5466	1978
5467	1577
5467	5526
5468	4790
5469	348
5469	1199
5475	1497
5476	12143
5480	4326
5484	149
5484	1162
5485	6524
5486	822
5487	8124
5490	11610
5490	12203
5491	11139
5492	12387
5493	10972
5494	1087
5494	11339
5496	811
5497	3873
5500	4168
5502	596
5502	10412
5503	5744
5504	1537
5504	2076
5507	12136
5508	5975
5509	12169
5510	1688
5511	2263
5512	11068
5513	1305
5513	12487
5516	3923
5517	103
5517	4418
5518	65
5518	83
5519	1118
5521	184
5521	1009
5522	11955
5524	2819
5525	367
5526	1446
5527	12216
5528	1106
5529	11577
5533	7808
5537	11944
5539	74
5539	1864
5541	11186
5544	11558
5545	3543
5548	6484
5549	3016
5550	2174
5550	12077
5552	1135
5554	8956
5554	12257
5555	11794
5559	795
5559	9033
5559	12320
5560	429
5560	721
5563	12052
5564	189
5565	3917
5566	12411
5568	39
5568	12471
5570	5965
5572	225
5573	9488
5574	12493
5575	10245
5582	584
5583	425
5587	1276
5587	8392
5590	3602
5591	736
5591	11596
5597	1387
5598	1939
5602	1531
5602	12155
5603	393
5604	1503
5606	2817
5606	9713
5607	11945
5608	9915
5609	3
5609	1549
5609	11632
5613	179
5615	3920
5616	109
5616	4263
5616	11109
5619	2416
5620	5317
5620	12325
5621	1063
5622	2784
5623	9838
5624	2190
5631	2541
5631	7019
5631	11003
5636	9754
5638	12238
5642	2679
5643	5138
5645	3223
5647	3226
5648	1420
5650	1516
5653	12486
5656	1319
5656	2468
5657	1351
5657	7197
5658	8339
5661	157
5661	599
5661	11912
5662	9876
5664	305
5664	2549
5665	3121
5667	12457
5668	6966
5670	12172
5670	12479
5672	335
5672	12413
5674	1950
5675	2552
5675	11822
5678	1660
5679	2448
5679	5399
5679	9088
5679	9444
5680	513
5682	1065
5684	4176
5685	2053
5685	6817
5686	3112
5686	10265
5689	12002
5692	1156
5692	11894
5693	2046
5694	431
5695	234
5696	3712
5697	313
5698	1069
5698	1726
5700	9240
5701	11828
5702	11233
5703	454
5703	5921
5704	155
5704	585
5704	747
5705	538
5705	6546
5706	2059
5708	12314
5709	2017
5710	1341
5712	59
5712	809
5712	2365
5713	1827
5715	5226
5717	209
5717	2693
5720	12392
5721	1942
5722	978
5722	6170
5723	159
5723	1345
5724	330
5724	3779
5725	337
5725	3167
5726	1494
5726	3823
5728	11399
5731	11459
5734	845
5735	7782
5739	46
5740	3876
5740	7174
5741	5198
5742	2926
5743	281
5744	525
5746	7113
5748	5152
5748	12351
5750	303
5751	639
5751	8462
5751	9413
5752	11338
5753	1109
5753	9819
5754	4324
5756	779
5756	5686
5757	417
5757	1962
5757	3342
5760	1911
5761	3788
5763	2696
5764	2794
5765	1760
5766	7815
5767	497
5767	925
5768	1167
5769	237
5769	2338
5772	12369
5773	302
5773	8942
5775	703
5775	1022
5776	11696
5778	864
5778	3064
5780	5801
5781	300
5781	5942
5784	291
5784	900
5785	553
5785	5121
5785	8277
5786	964
5786	1597
5787	1340
5787	2032
5787	7220
5787	12113
5788	973
5788	3194
5788	12482
5789	1425
5789	4837
5790	5810
5791	128
5791	7676
5792	510
5792	10684
5793	23
5794	11742
5795	808
5796	2999
5797	1424
5797	5788
5798	16
5798	279
5798	405
5798	1990
5798	7852
5799	915
5801	1539
5801	2301
5801	3265
5803	4756
5804	603
5804	665
5804	4453
5805	506
5806	6413
5807	254
5807	2039
5808	408
5809	1108
5810	1334
5810	12025
5811	476
5811	788
5811	12223
5813	341
5814	233
5815	8472
5815	9889
5816	177
5816	11328
5817	406
5817	604
5817	680
5817	2357
5818	1373
5818	5018
5818	11510
5819	3615
5819	5248
5819	11198
5821	2585
5822	373
5822	468
5822	578
5822	1228
5822	1377
5823	3315
5824	180
5825	26
5825	482
5825	2270
5826	675
5826	3507
5827	979
5827	3245
5830	1057
5830	2253
5830	2392
5830	2723
5831	6
5831	267
5831	1229
5831	2578
5831	3902
5831	4356
5831	10898
5833	4729
5833	9816
5834	7367
5835	9762
5836	1251
5837	304
5837	345
5837	952
5837	1415
5839	3537
5840	238
5840	257
5840	873
5840	2219
5840	4323
5840	9967
5841	76
5841	6196
5842	1014
5842	1638
5843	250
5843	271
5843	396
5843	9126
5843	10770
5845	2062
5845	9312
5846	670
5847	7
5848	2806
5848	7931
5849	92
5849	488
5849	3417
5849	12446
5850	195
5850	663
5850	1181
5850	1328
5851	206
5852	28
5852	188
5852	1806
5853	286
5853	862
5853	2034
5853	7441
5854	318
5854	439
5854	3339
5854	5605
5854	10142
5855	11201
5857	168
5857	196
5857	2434
5858	270
5858	765
5858	3658
5858	9056
5859	174
5859	259
5859	892
5859	1933
5859	3313
5860	1502
5860	5150
5861	803
5862	278
5862	571
5862	636
5862	1716
5862	7451
5863	4187
5864	353
5864	1444
5864	2410
5864	4095
5864	5986
5864	11767
5865	33
5865	324
5865	1718
5865	7249
5865	11145
5866	910
5866	1924
5866	4017
5867	823
5867	2804
5868	460
5868	1759
5868	3066
5869	5
5869	222
5869	332
5869	344
5869	2296
5869	10969
5870	120
5870	589
5870	999
5870	1043
5870	1104
5870	1782
5871	1739
5871	12426
5872	1157
5872	1206
5873	1993
5873	12427
5874	1477
5875	41
5875	107
5875	1388
5875	5058
5875	5481
5875	8047
5875	9858
5876	3928
5876	5932
5877	194
5877	265
5877	475
5877	509
5877	3373
5877	6166
5878	124
5878	357
5878	586
5878	933
5878	5068
5879	44
5879	113
5879	145
5879	389
5879	815
5879	966
5879	1092
5879	11728
5880	98
5880	308
5880	404
5880	729
5880	1772
5880	1836
5880	3184
5881	64
5881	502
5881	634
5881	1171
5881	2876
5881	5137
5882	68
5882	935
5882	1081
5882	2369
5882	3065
5883	105
5883	158
5883	342
5883	713
5883	1644
5884	374
5884	592
5884	1125
5884	1368
5884	1610
5885	25
5885	148
5885	329
5885	2079
5886	114
5886	132
5886	5259
5886	6511
5887	126
5887	134
5887	333
5887	527
5887	537
5887	917
5887	953
5887	4522
5888	62
5888	91
5888	141
5888	191
5888	394
5888	659
5889	20
5890	30
5890	647
5891	170
5891	197
5891	323
5891	742
5891	894
5891	934
5891	996
5891	1107
5891	1438
5891	2375
5892	350
5892	856
5892	2795
5893	1392
5893	3197
5894	110
5894	153
5894	198
5894	199
5894	714
5894	1179
5894	1296
5894	5094
5894	10234
5895	9
5895	17
5895	89
5895	131
5895	202
5895	852
5896	320
5896	361
5896	879
5896	1937
5897	166
5897	293
5897	371
5897	656
5897	1233
5897	2849
5897	8736
5898	56
5898	90
5898	108
5898	379
5898	1236
5898	1452
5898	1585
5898	2808
5898	3094
5899	183
5899	548
5899	848
5899	1217
5899	2187
5899	7566
5900	15
5900	186
5900	221
5900	442
5900	577
5900	853
5900	1137
5900	1348
5900	11624
5901	73
5901	290
5901	316
5901	878
5902	102
5902	266
5902	347
5902	593
5902	1198
5902	1249
5902	1554
5902	1802
5902	2333
5903	0
5903	331
5903	390
5903	477
5903	625
5903	654
5903	4854
5904	161
5904	176
5904	258
5904	7879
5905	2511
5905	12315
5906	239
5906	1389
5906	4257
5907	4
5907	18
5907	216
5908	12
5908	436
5908	500
5908	574
5908	2396
5908	2544
5908	5077
5909	123
5909	272
5909	274
5909	306
5909	532
5909	1821
5910	69
5910	95
5910	119
5910	151
5910	224
5910	458
5910	470
5910	941
5910	1091
5910	3725
5910	8652
5910	12044
5911	10
5911	172
5911	346
5911	12162
5912	99
5912	133
5912	366
5912	398
5912	422
5912	2823
5913	52
5913	70
5913	111
5913	135
5913	214
5913	480
5913	3652
5913	6007
5913	7942
5914	125
5914	253
5914	260
5914	459
5914	573
5914	629
5914	827
5914	1042
5914	1333
5914	12393
5915	78
5915	147
5915	231
5915	339
5915	414
5915	452
5915	759
5915	1090
5915	1141
5915	1326
5915	4266
5915	4305
5916	53
5916	247
5916	349
5916	440
5916	555
5916	726
5916	2918
5916	7100
5917	38
5917	45
5917	146
5917	230
5917	399
5917	421
5917	2536
5917	3286
5918	8
5918	75
5918	173
5918	227
5918	228
5918	243
5918	288
5918	685
5918	869
5918	1154
5918	5815
5919	1
5919	14
5919	255
5919	328
5919	1235
5919	6024
5919	11208
5920	101
5920	240
5920	276
5920	520
5920	1041
5920	4192
5921	464
5921	790
5921	1035
5921	1335
5921	2347
5921	2438
5921	2470
5922	115
5922	129
5922	252
5922	443
5922	511
5922	515
5922	866
5922	1114
5922	5922
5923	22
5923	217
5923	2957
5923	11662
5924	2
5924	175
5924	338
5924	498
5924	627
5924	813
5924	882
5924	2712
5924	8778
5924	12483
5925	140
5925	1176
5926	27
5926	136
5926	154
5926	694
5926	867
5926	1405
5926	1934
5926	2978
5926	9206
5926	11881
5927	220
5927	296
5927	782
5927	839
5927	7166
5927	10410
5928	63
5928	378
5928	523
5928	542
5928	12151
5929	36
5929	80
5929	130
5929	200
5929	229
5929	321
5929	386
5929	2099
5929	2362
5929	3599
5929	3791
5929	7545
5930	40
5930	116
5930	189
5930	251
5930	701
5930	1323
5930	3622
5931	24
5931	29
5931	50
5931	55
5931	104
5931	218
5931	382
5931	387
5931	478
5931	615
5931	2401
5931	3575
5931	12313
5932	31
5932	32
5932	77
5932	150
5932	190
5932	211
5932	385
5932	549
5932	551
5932	1132
5932	2508
5933	34
5933	37
5933	47
5933	66
5933	100
5933	185
5933	314
5933	1266
5933	1730
5933	2670
5934	203
5934	204
5934	264
5934	397
5934	704
5934	3264
5934	11051
5935	181
5935	244
5935	778
5935	833
5935	1384
5935	12205
5936	143
5936	192
5936	283
5936	325
5936	890
5936	909
5936	2703
5936	4767
5937	57
5937	71
5937	169
5937	473
5937	514
5937	1337
5937	1721
5938	74
5938	88
5938	96
5938	246
5938	568
5938	708
5938	769
5938	904
5938	1400
5938	1593
5938	4452
5938	11724
5939	1649
5939	1890
5939	11761
5940	35
5940	156
5940	287
5940	492
5940	710
5940	750
5940	991
5940	1940
5940	2029
5940	2212
5940	3104
5941	512
5941	3323
5942	164
5942	401
5942	664
5942	914
5942	1182
5942	1314
5942	1738
5942	2630
5943	121
5943	419
5943	601
5943	688
5943	1396
5944	85
5944	93
5944	112
5944	219
5944	248
5944	929
5944	1025
5945	187
5945	395
5945	451
5945	462
5945	1089
5946	21
5946	207
5946	309
5946	485
5946	607
5946	1049
5947	193
5947	369
5947	554
5947	960
5947	4720
5947	6775
5948	43
5948	182
5948	317
5948	560
5948	598
5948	802
5948	899
5948	981
5948	2399
5948	2497
5948	2542
5948	4910
5948	12291
5949	455
5949	508
5949	684
5949	940
5949	1029
5949	1085
5949	1095
5949	1168
5949	2314
5949	3553
5950	122
5950	178
5950	273
5950	284
5950	362
5950	855
5950	1709
5950	2419
5950	5422
5951	51
5951	58
5951	275
5951	756
5951	939
5951	4835
5952	61
5952	86
5952	671
5952	1058
5952	1436
5952	1854
5953	773
5953	832
5954	48
5954	117
5954	127
5954	144
5954	208
5954	354
5954	453
5954	466
5954	690
5954	1504
5954	3056
5955	84
5956	138
5956	162
5956	364
5956	418
5956	472
5956	494
5956	579
5956	624
5956	679
5956	913
5956	923
5957	642
5957	1955
5957	2516
5957	8384
5958	42
5958	60
5958	167
5958	201
5958	352
5958	375
5958	563
5958	628
5958	651
5958	1078
5958	1232
5958	1331
5959	67
5959	79
5959	245
5959	505
5959	657
5960	263
5960	499
5960	716
5960	805
5960	983
5960	2167
5961	556
5962	103
5962	242
5962	416
5962	503
5962	524
5962	581
5962	970
5962	11829
5963	11
5963	160
5963	340
5963	348
5963	648
5963	818
5963	2181
5964	54
5964	165
5964	235
5964	355
5964	363
5964	467
5964	1687
5964	1842
5964	9224
5964	12419
5965	82
5965	171
5965	241
5965	269
5965	295
5965	391
5965	423
5965	427
5965	438
5965	445
5965	450
5965	843
5965	1908
5965	2169
5966	19
5966	72
5966	280
5966	298
5966	351
5966	403
5966	526
5966	587
5966	783
5966	4054
5967	297
5967	384
5967	461
5967	496
5967	539
5967	781
5967	1417
5968	301
5968	591
5968	697
5968	1056
5968	1559
5968	1774
5968	2708
5969	322
5969	372
5969	535
5969	762
5969	831
5969	926
5969	1892
5970	83
5970	97
5970	676
5970	7420
5971	413
5971	644
5972	261
5972	285
5972	474
5972	570
5972	602
5972	637
5972	640
5972	5464
5973	109
5973	137
5973	4279
5974	3
5974	94
5974	118
5974	139
5974	277
5974	380
5974	388
5974	483
5974	687
5974	943
5974	8324
5974	9764
5974	11999
5975	226
5975	292
5975	370
5975	426
5975	564
5975	3334
5975	5479
5975	10943
5976	268
5976	469
5976	565
5976	828
5976	1205
5977	210
5977	1040
5977	5691
5977	11491
5978	49
5978	152
5978	236
5978	859
5978	897
5978	12081
5979	213
5979	294
5979	383
5979	699
5979	1316
5979	1699
5980	163
5980	205
5980	465
5980	799
5980	874
5981	106
5981	310
5981	544
5981	863
5981	1136
5981	1666
5981	1844
5981	4850
5981	11075
5982	311
5982	360
5982	491
5982	948
5982	1223
5982	11351
5982	12282
5983	530
5983	958
5983	1020
5983	1762
5983	2486
5984	149
5984	249
5984	356
5984	367
5984	435
5984	797
5984	12269
5985	402
5985	410
5985	1016
5986	761
5986	826
5986	1134
5987	529
5987	723
5987	884
5987	1050
5988	13
5988	65
5988	142
5988	319
5988	343
5988	974
5988	1838
5988	2321
5988	2744
5988	3071
5988	6085
5990	471
5990	618
5990	725
5990	780
5990	880
5990	1480
5990	2089
5990	12450
5991	81
5991	312
5991	507
5991	522
5991	4675
5991	12395
5992	433
5992	652
5992	865
5992	5705
5992	11489
5993	1149
5993	1391
5994	479
5994	633
5994	1984
5995	516
5995	597
5995	606
5995	2719
5995	3211
5995	10466
5996	411
5996	621
5996	706
5996	1153
5996	1550
5996	12476
5997	365
5997	381
5997	487
5997	745
5997	1346
5997	3501
5998	87
5998	1416
5998	5017
5999	650
5999	669
5999	727
5999	1019
5999	11513
6000	39
6000	179
6000	289
6000	649
6001	484
6001	2924
6001	12327
6002	545
6002	12234
6003	223
6003	518
6003	572
6003	705
6004	225
6004	672
6004	814
6004	1948
6005	1635
6005	5005
6006	327
6006	493
6006	998
6006	1812
6007	2288
6007	2569
6008	424
6008	519
6008	789
6008	820
6008	1185
6008	12370
6009	605
6009	752
6010	739
6010	1260
6010	2752
6011	463
6012	590
6012	2903
6012	4573
6013	299
6013	616
6013	1522
6013	2939
6014	215
6014	409
6014	547
6015	359
6015	569
6015	1527
6016	446
6016	1985
6016	4876
6017	541
6017	2290
6017	7127
6018	1343
6018	2083
6019	330
6019	1568
6020	232
6020	1097
6020	1804
6021	256
6021	737
6021	798
6021	1001
6021	2297
6021	7846
6022	377
6022	412
6022	1247
6022	1840
6023	415
6024	481
6024	617
6024	748
6024	822
6024	1505
6024	12139
6025	740
6025	1170
6027	1960
6028	448
6029	861
6029	1269
6029	7020
6030	7389
6030	8972
6030	11872
6031	619
6032	4398
6033	429
6033	486
6033	620
6033	692
6033	1207
6033	12348
6034	691
6034	1919
6036	407
6036	1280
6037	441
6037	1262
6038	1637
6039	307
6039	1055
6039	1651
6040	262
6040	489
6040	700
6040	709
6040	1439
6041	810
6041	7318
6042	444
6042	985
6043	326
6043	824
6043	1886
6045	735
6045	1028
6046	1197
6046	3178
6047	561
6048	368
6048	1605
6048	1798
6048	2061
6048	4770
6051	719
6051	804
6053	992
6055	841
6055	1858
6057	1033
6057	2088
6057	2528
6058	400
6058	2119
6059	209
6059	846
6059	2514
6059	2940
6061	534
6062	1083
6063	678
6063	944
6063	1172
6063	11687
6064	543
6064	5860
6065	772
6065	1130
6065	1366
6066	212
6066	12441
6067	1144
6067	12241
6068	753
6068	993
6068	2556
6068	4310
6068	8253
6068	11309
6069	1945
6070	9408
6072	819
6072	1867
6073	1609
6073	7978
6073	8654
6073	12131
6074	1367
6074	2241
6075	449
6075	546
6075	562
6075	1079
6076	749
6076	1012
6077	695
6077	1070
6077	12329
6077	12473
6078	2214
6079	447
6079	2500
6079	6537
6080	744
6080	997
6080	1146
6080	3035
6081	430
6081	3153
6081	5349
6082	2215
6083	336
6083	2118
6084	234
6084	12202
6085	580
6085	1465
6085	1976
6086	495
6086	600
6086	2393
6087	1575
6090	661
6090	947
6090	1884
6091	420
6091	582
6091	770
6091	784
6091	854
6091	1479
6092	901
6092	2976
6092	3631
6093	612
6095	785
6095	922
6095	1282
6096	883
6096	2070
6097	921
6097	11722
6098	157
6098	674
6098	1569
6098	1603
6098	6330
6099	596
6100	1194
6101	728
6101	732
6101	1015
6102	334
6102	3857
6103	875
6103	1299
6104	557
6104	1359
6104	11094
6105	490
6105	662
6105	5498
6106	1339
6107	456
6107	946
6107	2895
6107	4887
6108	721
6108	984
6109	1189
6109	1511
6109	2749
6110	428
6110	1542
6111	893
6111	5847
6111	6592
6111	8665
6112	860
6112	2170
6113	1140
6114	528
6114	1397
6115	1347
6115	1440
6115	3639
6115	11980
6116	566
6116	2006
6118	1044
6118	2264
6120	393
6120	552
6121	11609
6123	936
6125	5250
6125	5699
6125	10646
6126	575
6126	4228
6126	5410
6126	8009
6127	1117
6127	1371
6127	1579
6127	1957
6127	7758
6128	1309
6128	11927
6129	1997
6130	746
6130	2105
6131	1030
6131	6421
6132	2211
6134	11099
6135	711
6135	1062
6135	11219
6136	1524
6136	1710
6136	3091
6137	2422
6138	1691
6138	5914
6138	9645
6138	12422
6139	925
6139	1031
6139	5484
6140	1213
6140	12344
6142	159
6142	184
6142	282
6142	666
6142	787
6142	1115
6142	2442
6142	4055
6142	8407
6142	9216
6143	504
6144	1828
6145	712
6145	1158
6145	2423
6146	757
6147	1018
6149	6314
6150	1191
6150	1646
6150	1909
6150	2315
6151	660
6151	3782
6151	11759
6152	816
6152	1034
6152	3448
6153	702
6153	1841
6153	1970
6153	8437
6154	12150
6155	1616
6155	1702
6155	12335
6156	8694
6157	907
6158	558
6158	2379
6158	3172
6159	1455
6160	1565
6162	434
6162	584
6162	5567
6163	1054
6163	2928
6163	3937
6163	6244
6164	2028
6164	5688
6164	7911
6165	59
6165	658
6165	1853
6165	11264
6166	987
6166	2255
6166	12342
6167	517
6167	595
6167	1190
6167	1290
6167	2534
6167	8312
6168	1512
6170	1256
6170	2726
6170	4363
6171	538
6171	12120
6172	931
6172	1180
6172	1486
6172	3762
6172	12221
6173	1075
6173	2512
6174	902
6176	955
6177	250
6177	609
6177	911
6177	1394
6178	1623
6178	3685
6179	977
6179	1728
6180	686
6180	760
6180	11403
6181	177
6182	967
6182	1526
6182	1671
6183	2351
6184	920
6184	1188
6184	5533
6184	11673
6186	928
6186	1047
6186	1607
6186	1743
6188	155
6188	376
6188	9259
6189	576
6189	6448
6190	807
6190	1277
6192	4721
6193	1847
6194	337
6195	1358
6196	1849
6197	1761
6197	3377
6197	4329
6198	358
6199	653
6200	673
6200	1457
6200	3896
6200	5196
6202	166
6202	755
6204	630
6205	7435
6206	114
6206	645
6206	976
6207	1122
6208	206
6208	1164
6208	1627
6210	919
6211	3492
6212	1002
6213	1875
6213	2397
6213	6025
6215	315
6215	668
6215	1521
6216	1063
6216	1418
6216	2323
6216	2606
6217	1640
6218	733
6218	2251
6219	1032
6219	1248
6220	1241
6220	1564
6220	2765
6221	2162
6221	12256
6223	1338
6223	1871
6223	1952
6223	12302
6224	56
6224	533
6224	1051
6225	632
6225	2913
6225	4290
6226	932
6227	9742
6227	12416
6228	195
6228	840
6229	588
6230	1250
6230	1852
6230	6095
6231	720
6231	1755
6231	11974
6232	431
6232	454
6232	1489
6232	1868
6233	237
6233	396
6233	1362
6233	1441
6233	2203
6233	10860
6234	425
6234	811
6234	1138
6234	5898
6234	9410
6234	11736
6235	540
6235	1151
6235	1953
6235	11703
6235	12027
6236	1560
6236	1885
6236	2449
6236	7832
6237	951
6237	1255
6237	10170
6238	1101
6238	2615
6239	1178
6239	1244
6239	1270
6239	5987
6240	2110
6241	1303
6241	1696
6241	1698
6242	775
6242	1490
6242	1872
6243	1077
6243	4110
6243	6070
6243	7026
6244	9090
6244	10817
6245	5836
6245	9487
6246	796
6247	594
6247	1113
6248	763
6248	2677
6248	10162
6249	180
6249	392
6249	1300
6249	1612
6249	5100
6249	10873
6250	521
6250	912
6250	1461
6251	829
6251	1017
6251	11158
6252	501
6252	643
6252	6075
6253	1419
6254	1192
6254	2023
6255	2232
6255	12461
6256	771
6256	969
6258	731
6258	751
6258	2259
6259	646
6259	1039
6260	341
6261	238
6261	885
6261	1736
6261	3164
6261	4971
6263	437
6264	1780
6264	7393
6264	11784
6265	1764
6266	11101
6268	2545
6269	1478
6269	2060
6270	959
6270	12149
6271	768
6271	968
6272	136
6272	849
6273	1010
6273	2068
6273	11076
6273	11783
6273	12361
6274	1009
6274	2456
6275	9
6275	64
6275	12362
6276	707
6276	1684
6276	12259
6277	1498
6278	2131
6278	5290
6278	11135
6279	792
6280	877
6280	5324
6281	626
6281	4030
6282	125
6282	1499
6283	812
6283	2822
6284	394
6284	578
6284	1492
6285	3825
6285	11516
6286	5139
6287	2474
6288	76
6289	954
6290	257
6290	906
6290	5645
6294	168
6295	278
6296	25
6296	2192
6296	3860
6298	2085
6298	2234
6298	11675
6299	199
6299	614
6299	11607
6300	28
6300	302
6302	512
6303	1657
6303	12055
6304	513
6304	10577
6305	1386
6305	1544
6305	3846
6306	18
6306	3486
6308	417
6308	924
6310	2450
6310	5721
6310	11129
6312	4099
6313	12230
6315	667
6316	2850
6316	3370
6317	161
6318	5249
6319	8896
6320	2
6320	11408
6320	12005
6321	63
6322	141
6322	12123
6323	6475
6323	10957
6325	611
6325	2155
6325	7010
6326	281
6327	663
6327	2007
6329	957
6330	908
6330	1243
6333	1398
6333	1917
6333	3349
6334	16
6334	1175
6334	3594
6334	6883
6335	1445
6336	443
6336	1276
6337	5
6337	1611
6338	78
6339	3209
6339	11813
6341	11929
6343	4577
6346	2049
6346	11248
6346	11735
6347	1199
6348	1850
6349	4596
6350	91
6350	7522
6352	229
6353	12022
6354	4325
6356	126
6356	680
6356	1131
6357	629
6358	1081
6358	4582
6360	3497
6361	1240
6362	5107
6362	11830
6363	5262
6365	7496
6366	1951
6366	10007
6371	1324
6371	7156
6372	2182
6373	1225
6375	3018
6377	10518
6377	11643
6380	128
6381	531
6382	1067
6384	3101
6386	188
6386	870
6387	38
6387	4604
6388	682
6388	5291
6389	847
6390	1685
6391	2370
6391	8805
6392	895
6392	7577
6392	11756
6395	1413
6396	11165
6398	4281
6398	4484
6399	2266
6400	1100
6401	3014
6401	12308
6402	111
6402	1166
6403	12126
6404	300
6404	2859
6405	1212
6406	12383
6407	11707
6408	387
6410	1148
6411	1800
6411	6879
6412	48
6412	331
6412	5913
6414	693
6414	1675
6414	6508
6414	12180
6415	85
6415	6583
6416	162
6416	729
6416	1484
6416	2770
6417	1633
6418	1066
6418	12396
6419	1007
6420	5164
6420	12248
6422	1376
6422	1508
6422	3760
6423	3123
6423	12118
6424	5675
6424	11938
6424	11998
6426	7528
6431	12490
6432	432
6432	656
6432	891
6434	565
6436	11327
6439	12006
6440	1169
6440	3346
6441	35
6441	3533
6443	2694
6443	3977
6444	3266
6445	2710
6445	10705
6448	5225
6450	70
6450	6279
6451	3068
6456	1005
6459	80
6459	4791
6460	130
6460	3389
6460	4696
6460	6307
6460	9985
6461	12041
6462	263
6463	2638
6464	586
6464	4817
6465	801
6465	3026
6466	235
6466	2189
6468	79
6470	3020
6472	791
6472	3841
6472	6559
6472	10870
6473	10354
6473	11639
6475	2936
6476	26
6476	1469
6476	4578
6476	11480
6477	1496
6478	803
6478	4086
6478	11615
6479	348
6479	1385
6479	2067
6480	5991
6481	11765
6482	7
6484	2072
6484	2373
6485	23
6485	60
6486	131
6486	3011
6486	5467
6488	623
6490	214
6491	405
6491	4965
6492	10228
6493	4000
6494	1708
6496	12439
6498	404
6499	3021
6501	529
6507	246
6507	335
6509	3705
6510	2331
6511	1730
6511	12215
6512	8973
6513	194
6514	9354
6514	11747
6515	1592
6517	549
6518	309
6518	3182
6521	382
6521	448
6527	1705
6527	1846
6527	2052
6529	1889
6529	11931
6530	2144
6532	277
6532	321
6533	150
6535	523
6536	3511
6537	227
6537	1073
6538	2014
6539	608
6539	7766
6540	665
6541	9520
6542	2789
6542	3238
6544	6834
6544	9936
6544	12470
6545	406
6545	848
6548	294
6549	2380
6551	7993
6551	11888
6552	6688
6553	986
6554	146
6554	599
6557	113
6557	5177
6558	503
6558	1229
6559	567
6559	1395
6559	12130
6560	5677
6562	5917
6564	555
6564	4365
6564	6360
6564	7423
6564	11744
6565	11899
6566	1756
6566	3062
6566	8871
6566	9486
6568	4117
6569	5967
6570	4112
6573	5271
6574	2459
6574	10913
6574	11344
6575	3970
6575	11520
6577	260
6577	1206
6577	1647
6577	11914
6578	4
6578	3580
6579	351
6580	1974
6580	5608
6581	46
6581	12491
6582	603
6582	1341
6582	4944
6583	1370
6583	6903
6584	1497
6585	1714
6585	4424
6586	10
6587	1741
6587	12194
6588	3717
6589	411
6589	1037
6589	3060
6589	9178
6590	11623
6591	1571
6593	170
6593	953
6593	3955
6598	5635
6598	11854
6600	1334
6601	1159
6601	4460
6601	12407
6602	1462
6602	1632
6602	9891
6602	11577
6603	10968
6604	2044
6604	5548
6605	2731
6606	14
6606	990
6606	1992
6606	11778
6607	2566
6608	11562
6609	12458
6610	403
6610	778
6610	2479
6611	589
6612	12312
6614	339
6615	1224
6615	5694
6616	12059
6617	2799
6618	3190
6619	2955
6619	7786
6622	3125
6622	12033
6623	786
6623	1938
6623	2026
6624	8026
6625	1835
6625	12154
6627	117
6627	175
6631	492
6633	272
6633	12011
6634	349
6636	49
6636	12267
6637	110
6639	1126
6640	1349
6640	5536
6641	2298
6642	12331
6644	3658
6648	7322
6649	297
6649	5640
6650	31
6650	896
6650	6333
6651	4492
6651	10907
6652	3415
6653	3653
6653	12437
6655	2944
6657	67
6657	1878
6657	2123
6658	354
6658	724
6660	2818
6660	3202
6663	2469
6664	4803
6665	2452
6668	570
6669	2000
6669	4049
6670	2528
6670	6157
6671	33
6671	39
6671	2790
6671	12401
6673	1517
6673	4613
6674	1327
6674	1383
6675	10286
6676	288
6678	11947
6679	3179
6680	86
6681	903
6682	1924
6682	5537
6682	5848
6682	12388
6683	2754
6684	12292
6685	1377
6686	1121
6687	799
6687	1935
6687	4734
6688	313
6689	2174
6689	12415
6690	452
6690	12418
6691	1692
6691	6156
6693	1491
6693	2118
6695	1375
6695	8413
6696	10353
6698	1727
6700	2440
6701	463
6702	1545
6702	4381
6702	10188
6703	569
6703	777
6703	1218
6703	1340
6703	1773
6703	8450
6703	8789
6704	1239
6705	75
6706	3906
6707	1135
6707	2575
6708	2979
6709	723
6709	1879
6711	21
6711	1668
6712	4811
6712	11714
6713	5071
6713	11611
6714	4342
6715	8132
6716	3874
6719	2280
6719	5441
6721	5786
6722	1583
6722	3393
6723	153
6723	838
6723	2024
6724	710
6724	2827
6724	12049
6724	12351
6726	12015
6727	352
6727	583
6727	639
6728	785
6729	613
6729	712
6729	949
6729	982
6731	1351
6731	3883
6731	8207
6733	698
6733	1709
6733	2527
6735	247
6735	655
6735	1320
6735	4355
6735	11746
6736	677
6736	940
6737	1562
6737	1641
6737	2541
6739	293
6739	1145
6739	1237
6739	1311
6740	140
6740	767
6740	6866
6741	1959
6741	1969
6741	8945
6742	1580
6743	134
6743	526
6743	1105
6743	2404
6744	654
6745	1834
6745	2148
6745	10811
6747	939
6747	2045
6747	9336
6749	3237
6749	5515
6750	41
6750	559
6751	347
6751	1754
6753	149
6753	169
6754	311
6754	1586
6754	3542
6754	4828
6755	1829
6756	350
6757	24
6757	145
6757	963
6757	5595
6757	11983
6758	13
6758	422
6758	1078
6758	2376
6759	189
6759	304
6760	393
6760	644
6760	2835
6760	4282
6761	209
6761	2987
6762	999
6762	1274
6762	12222
6763	887
6764	218
6764	587
6765	1804
6765	2335
6765	5132
6766	388
6766	1882
6767	364
6767	737
6767	1123
6767	1287
6769	9
6770	1644
6770	3116
6770	4068
6771	19
6771	205
6771	301
6773	135
6773	276
6773	327
6773	509
6773	1538
6773	2496
6773	3643
6774	1468
6774	10305
6775	536
6776	77
6776	254
6776	357
6777	92
6777	186
6778	142
6778	825
6779	2407
6780	1
6780	54
6780	208
6780	1299
6781	633
6781	12412
6782	368
6782	926
6782	1026
6782	3702
6783	675
6783	1058
6783	1283
6783	1603
6783	3128
6784	29
6784	1429
6785	8
6785	291
6785	8034
6786	385
6786	571
6786	836
6786	1042
6786	1672
6786	1863
6786	2374
6788	690
6788	3720
6789	243
6789	290
6789	1161
6789	2138
6790	47
6790	318
6790	433
6790	460
6790	2774
6791	310
6791	11145
6791	11951
6792	122
6792	543
6793	37
6793	108
6793	1536
6793	12286
6794	256
6795	204
6795	664
6795	1305
6795	11975
6796	118
6796	156
6796	164
6796	325
6796	709
6796	1032
6796	1378
6797	89
6797	127
6797	132
6797	965
6797	1566
6797	11580
6798	52
6798	141
6798	1019
6798	5103
6799	88
6799	489
6799	880
6799	1870
6799	2540
6799	2675
6800	244
6801	596
6801	4384
6801	7124
6801	12492
6802	167
6802	337
6802	389
6802	701
6802	756
6802	10713
6802	12012
6802	12044
6803	69
6803	361
6803	537
6803	832
6803	1682
6803	11240
6804	869
6804	3765
6805	284
6805	674
6806	22
6806	27
6806	139
6806	467
6806	1322
6806	2672
6806	2809
6806	3087
6807	315
6808	95
6808	562
6808	1424
6808	1823
6809	1572
6809	6273
6810	511
6810	516
6810	1582
6810	3814
6810	3879
6811	266
6811	482
6812	137
6813	510
6813	2062
6813	12467
6814	15
6814	101
6814	359
6814	520
6814	605
6814	11467
6815	154
6815	270
6815	296
6815	418
6816	62
6816	68
6816	1072
6818	121
6818	12135
6819	563
6819	10476
6820	63
6820	1065
6821	55
6821	442
6821	1612
6823	316
6823	1234
6824	314
6824	1179
6824	2327
6825	73
6825	930
6825	962
6825	3598
6826	97
6826	104
6826	179
6826	326
6826	2546
6826	3793
6827	84
6827	203
6827	1015
6827	2031
6828	34
6828	176
6828	445
6831	8572
6833	81
6834	82
6834	455
6834	3330
6835	5657
6836	1143
6837	28
6837	159
6837	3660
6838	11793
6840	7064
6840	12295
6841	183
6841	184
6841	233
6841	258
6841	1247
6841	3710
6842	423
6843	44
6843	1548
6843	2559
6844	32
6844	71
6844	2334
6844	9215
6845	116
6845	165
6847	0
6847	484
6848	25
6848	281
6848	305
6849	921
6849	3483
6850	248
6850	394
6850	11736
6850	12250
6851	2164
6851	2460
6851	5211
6852	441
6852	1231
6852	2363
6853	280
6853	3764
6853	4951
6854	17
6854	3971
6854	4926
6856	6
6856	143
6856	417
6857	1051
6857	1822
6859	1165
6859	3948
6860	333
6860	483
6860	2384
6861	546
6862	199
6863	1242
6863	1446
6863	1493
6864	935
6864	2207
6865	180
6865	505
6865	676
6865	754
6866	735
6867	826
6867	1061
6868	72
6868	112
6868	334
6868	745
6869	177
6869	2706
6871	8374
6872	240
6872	522
6873	1280
6874	211
6874	681
6874	2096
6874	12145
6875	289
6875	541
6875	568
6876	57
6876	160
6876	374
6876	424
6877	20
6877	585
6877	670
6877	1650
6877	1844
6877	3762
6878	2952
6878	5015
6880	279
6880	380
6881	100
6881	220
6881	922
6881	1134
6882	6831
6883	171
6883	342
6883	402
6883	601
6883	1084
6883	6998
6884	395
6884	495
6884	557
6885	262
6885	430
6885	3297
6886	215
6887	53
6887	1520
6887	3131
6887	4437
6887	5396
6887	12381
6888	328
6888	672
6889	459
6889	4109
6890	407
6891	193
6891	10065
6892	1048
6893	1313
6894	645
6894	1518
6894	1663
6895	43
6895	488
6895	3175
6896	356
6896	466
6896	11963
6897	83
6897	648
6898	30
6898	420
6898	4276
6899	131
6899	400
6899	421
6899	1128
6900	319
6900	700
6901	94
6901	188
6901	1480
6902	51
6902	1916
6902	5367
6903	556
6903	798
6903	1964
6904	1103
6904	5846
6904	9411
6904	10053
6905	338
6905	868
6905	997
6905	3519
6905	10855
6906	42
6906	689
6906	2995
6906	5266
6907	187
6907	480
6907	491
6907	864
6907	12214
6908	147
6908	1483
6908	2063
6908	8883
6909	4039
6910	904
6910	6689
6911	439
6913	252
6913	539
6913	6780
6913	12190
6916	174
6916	213
6916	506
6916	1955
6917	673
6917	706
6917	3431
6918	65
6918	2202
6918	4221
6919	119
6919	192
6919	3920
6920	98
6920	370
6920	386
6920	500
6920	4195
6921	5
6921	106
6921	299
6921	1430
6922	66
6922	884
6922	1567
6923	148
6923	1202
6924	641
6924	683
6924	1585
6924	2193
6924	2535
6925	1034
6926	249
6926	446
6926	1233
6926	1392
6927	99
6927	475
6927	2447
6928	1528
6928	2665
6928	11663
6929	96
6929	3371
6930	1875
6931	640
6931	929
6931	2497
6931	6885
6932	1104
6932	5126
6933	458
6933	551
6934	9768
6935	163
6935	396
6935	2237
6936	90
6936	259
6936	329
6936	1619
6937	2
6937	123
6937	273
6937	540
6937	1089
6937	2915
6938	498
6938	820
6938	1811
6939	473
6939	725
6939	2069
6939	2199
6939	2254
6940	661
6942	12391
6943	436
6943	1012
6944	453
6945	74
6945	253
6946	268
6946	1868
6947	3
6947	682
6948	158
6948	844
6948	2711
6949	2594
6949	2762
6950	345
6950	2311
6950	3738
6950	3849
6950	4505
6950	7814
6951	264
6951	923
6951	1557
6952	1232
6953	93
6953	105
6953	854
6953	4516
6953	7521
6954	59
6954	125
6954	487
6954	533
6954	886
6954	3910
6954	12323
6955	172
6955	456
6955	486
6955	846
6955	6303
6955	8856
6956	56
6956	226
6956	576
6956	10343
6957	222
6958	360
6958	538
6958	1597
6959	320
6959	9894
6960	223
6960	242
6960	303
6960	414
6960	617
6961	198
6961	224
6961	323
6961	604
6961	11751
6962	178
6962	1053
6962	11666
6963	228
6963	390
6963	12014
6964	515
6965	124
6965	773
6965	1444
6965	1725
6965	12263
6966	58
6966	168
6966	236
6966	1420
6966	1852
6967	87
6967	103
6967	152
6967	622
6967	931
6967	1033
6967	2179
6967	2925
6967	3289
6968	115
6968	324
6968	830
6968	1077
6969	1111
6969	1696
6969	4344
6969	4568
6970	120
6970	369
6970	468
6970	588
6970	612
6970	621
6970	11435
6971	2137
6971	2948
6971	3934
6972	938
6972	4676
6972	5685
6973	45
6973	1841
6973	3412
6973	5930
6973	8183
6974	344
6974	776
6974	804
6974	979
6974	1115
6974	2668
6975	275
6975	620
6975	3857
6976	114
6976	138
6976	464
6976	795
6976	1537
6976	1553
6977	23
6977	48
6977	232
6977	11625
6978	38
6978	61
6978	920
6978	2402
6978	2895
6978	3730
6979	271
6979	912
6980	250
6980	1052
6980	1963
6980	2154
6980	11260
6981	343
6981	1136
6982	12472
6983	216
6983	419
6983	1812
6983	2304
6983	2786
6983	7793
6984	217
6984	237
6984	381
6984	8812
6985	50
6985	322
6985	566
6985	1181
6985	2968
6986	239
6986	241
6986	401
6986	594
6986	833
6987	109
6987	263
6987	409
6987	425
6987	1141
6987	2571
6988	70
6988	78
6988	307
6988	358
6988	362
6988	376
6988	517
6988	2991
6988	3548
6989	107
6989	219
6989	448
6989	469
6989	501
6989	810
6989	1036
6989	1087
6989	1127
6990	185
6990	245
6990	251
6990	375
6990	474
6990	514
6990	743
6990	898
6990	2385
6990	8451
6990	12288
6991	35
6991	351
6991	447
6991	719
6991	764
6991	2011
6991	2071
6992	182
6992	260
6992	632
6992	638
6992	1345
6992	2017
6992	6162
6993	210
6993	1110
6993	3745
6993	11897
6994	18
6994	969
6994	2969
6995	12
6995	502
6995	11664
6996	554
6996	1369
6996	10950
6997	202
6997	383
6997	907
6997	10082
6999	91
6999	126
6999	1817
